7536
5720
8010
2935
8372
5382
2897
8834
9876
422
9722
4889
7743
3155
4767
4158
4557
4967
4571
3287
8928
7985
7654
9056
1171
8990
4361
1735
8261
4926
9029
6844
5653
1560
2001
4332
7062
8436
5612
8830
1020
1640
3970
4019
9052
2667
9643
4977
6891
7120
4828
6338
8937
4986
1111
303
9402
1528
9268
2666
1595
2534
2486
4201
647
4142
2782
5266
4620
8860
1703
256
7303
2060
641
7637
3358
3471
6966
5665
3960
9094
6230
1333
984
5459
7531
1441
154
2501
999
49
4183
6175
4299
2343
4842
5026
3443
2163
7663
3415
6717
9870
2835
3732
2308
4942
1673
5201
8886
7220
5642
447
2564
7496
278
4778
5361
4573
5938
7202
7120
5693
5069
5726
1044
5420
5198
6667
4296
3446
2595
6217
2918
8918
9659
8818
7889
7053
3579
4165
9280
6394
7542
8298
9181
7810
5140
6038
6072
8820
826
7533
9263
3983
6288
6133
3104
3597
3540
9674
965
3803
4617
5280
8713
2235
5884
1632
899
1811
1281
2919
5347
4523
5907
4740
3570
5846
2352
904
3943
793
5242
7610
5236
2002
6554
2756
5636
8547
7821
4125
5167
7693
7854
3801
4368
4456
5745
3990
7946
8024
4544
5809
3610
7448
8108
351
4256
5030
3418
2699
1789
6069
2440
7526
447
5779
3330
3867
4325
4080
8042
1037
7825
2079
4131
9132
8543
5995
782
3907
6965
4376
2335
9065
5930
4145
7505
8907
4296
1439
2042
9180
8044
2736
8237
1719
4508
3426
390
5278
9108
7825
5489
6501
8094
5899
3509
4508
3760
111
5493
502
4464
3259
5089
4773
3129
6948
8407
3349
7257
7392
786
7156
1462
2476
5747
4635
8398
2142
5806
3470
549
6587
2701
6332
5820
4260
2122
2319
9303
3815
5083
1255
3421
2775
3773
9405
2280
4252
4457
1886
428
4227
9542
6637
9167
4894
4997
3536
1474
2299
2605
2359
8820
8044
9345
1538
9784
159
3086
6693
4067
4419
7978
5065
1835
5248
7493
358
1900
7123
5202
5806
4841
3775
313
8702
5541
1185
6561
4975
1648
4161
3410
7565
2821
653
1530
47
2020
8540
4209
3858
9008
4484
9820
8620
2470
3442
4853
7397
2281
9419
5820
1695
4522
1500
2869
9785
8598
8447
1429
1234
2642
2874
7302
2811
9642
7695
2724
9710
2770
8557
3478
9351
3202
149
73
9465
5581
8690
7628
3338
114
1832
4831
9068
4940
6154
6480
4297
6530
191
1767
5029
7105
2522
8761
4255
4764
3620
2254
6814
669
3239
7859
2953
2252
9404
2720
5703
4240
1332
5324
5991
7778
9281
7018
5540
8880
8889
1381
5946
2194
2793
9888
7034
1182
7448
122
2930
3830
7711
5854
3779
4006
6569
8077
3477
4006
6589
9240
1983
4042
360
1543
3353
2423
5430
7085
1369
515
2617
6631
5896
6326
8581
2261
7092
6102
9579
167
6505
1314
7511
8092
2913
2956
1677
1429
5326
682
7615
3873
9208
2620
2932
9682
6037
1790
7600
2296
5508
1118
617
3082
9751
7478
5518
7899
4979
7384
2723
6755
6841
2780
6685
9905
7580
8814
8351
7014
8858
5626
9331
2987
829
1586
4645
9547
5231
2062
4304
9375
4777
358
2135
4154
9698
9386
4694
5104
1926
3324
5096
5660
9457
9385
5346
9422
7897
2901
122
6162
754
2091
6633
9740
2137
1081
3240
6193
4335
6253
5796
2079
148
1925
8734
6310
2204
9156
9459
2382
2074
949
688
1171
9479
347
5202
7989
1613
556
4577
1454
2416
4577
3268
7392
8993
9378
2849
7414
6960
3230
6367
4732
2899
9202
4350
786
344
2551
4289
8737
8256
2737
8506
3644
8103
988
3178
5708
3462
9575
1756
4257
479
113
4820
2819
9197
3522
5345
4383
5340
6097
1275
839
7429
7305
6279
7599
1288
6372
3431
130
7092
5781
7830
7675
2577
90
1347
8089
2624
2483
3419
3535
7049
9490
2005
3589
3476
5748
660
4282
1205
6683
7474
7668
6527
6879
6958
1889
7571
7682
2938
6345
947
4684
3315
5086
9894
2388
8122
5048
8638
7282
705
18
3861
3583
1333
716
8655
5755
2491
5606
2698
3555
1992
2352
9749
9841
2740
2147
4642
1746
5444
9064
6624
2149
7732
1454
135
5354
4116
4240
1158
3680
5211
6981
5975
9930
2796
9946
9775
5648
3141
9642
5572
9726
5088
7710
2830
9709
1098
6720
6529
4832
5318
8719
6769
660
2867
9728
808
8565
6637
2133
5628
9169
9164
1016
8779
3795
1761
172
3062
6017
9952
4392
9255
8191
2181
2402
3157
3623
4975
7197
7020
7666
8851
5884
7933
9192
8278
1320
6264
2265
1812
316
5780
4457
2755
9012
8625
3634
5544
2092
9799
2687
4002
4998
5241
3365
2569
5011
2972
7869
262
3526
1088
879
6111
2463
3177
7130
9364
561
264
7777
1898
2316
7167
2320
869
3325
9985
5509
9469
998
7546
4353
281
7133
8015
9896
1908
3625
2105
448
4676
9779
2450
4279
292
8030
7650
6206
2591
8337
2386
7954
2187
2727
5937
7445
465
5957
6714
9546
9865
186
3468
8888
6672
1166
9091
7702
7656
8406
5851
3924
1202
2167
2182
6702
156
2221
6088
3605
1310
4330
9080
9589
1462
4287
8558
8451
7012
6770
9647
9049
6108
9674
1347
3497
9452
2918
4604
5797
591
393
5333
2878
9735
1372
2434
2030
6249
7951
8612
983
5035
2048
212
8308
3735
8133
5553
2055
9580
4870
5132
1126
1686
872
9848
9408
4287
9080
7913
6987
1145
7758
8644
2331
7554
7162
3250
3632
3621
7398
9650
5808
3438
5781
3684
8131
474
7445
1519
7062
1202
6618
9461
6260
1627
582
2621
252
4552
6179
8337
6672
9747
8924
9837
2784
5543
7409
7657
2009
3342
5767
8589
8672
8999
2363
784
7292
8911
2934
9701
5027
1422
8082
6471
8743
3375
5768
6370
1953
7411
2318
2811
7590
7113
4537
7330
6348
31
9197
198
9600
4716
1522
4749
3255
8788
4624
9050
1994
4320
7223
8868
1598
7198
3582
3036
3338
7782
6575
473
1879
5518
9239
7312
317
5546
7961
6981
8925
6108
5243
8567
1127
3135
2871
7319
9074
671
7035
4303
7714
4469
4935
6917
5770
2381
317
7125
4298
6708
2190
6860
3931
5223
1329
9808
7483
6098
1775
9129
5978
6151
4980
3151
9343
4065
5910
9952
6767
6605
4903
9791
6009
5534
9883
1721
6221
4914
1496
9907
9066
1114
4427
4166
3474
3013
7667
7821
1825
537
4099
2556
8515
3353
27
1198
9610
5399
6653
7282
5717
2701
5606
4826
6542
1621
7353
2890
3395
9818
9126
9256
8476
6054
5649
5156
4038
1141
4311
226
9346
7687
3955
2223
9081
6838
8506
2678
1409
9495
1063
388
9879
948
4822
6850
3797
2528
550
9972
9098
710
3209
9891
7022
1802
3540
5424
2806
500
3088
4316
7224
3402
8062
7568
608
6618
4787
2141
1802
5367
1601
334
3373
3642
529
3874
748
3330
2887
1590
1601
4650
7869
8093
3398
5609
6830
4272
3451
7734
1235
7165
4923
6828
2207
7184
9453
5535
2645
4154
8650
4682
7581
5828
6857
591
4646
5903
4874
8620
2268
2940
9399
4112
1920
6090
5674
1023
299
1465
9863
3624
7284
3258
1911
6194
4314
1603
8906
8910
1281
9439
3971
4326
5196
7103
5810
2367
8311
7678
2020
9159
2409
655
5287
4719
7097
9048
6281
5049
4304
2951
5119
4878
1743
6186
2787
4497
8938
5463
3470
7118
9239
2159
2913
5737
6631
9650
2318
8181
6886
2209
4053
3744
7415
5899
2299
7271
5451
8625
3110
4015
6771
1324
3219
7566
4181
3643
4680
6341
8460
3483
5873
4429
6211
7753
1514
2008
900
2553
4234
5547
2457
9562
2614
7226
6006
8885
6447
1641
7463
5431
5332
2166
8767
6251
5338
4698
3570
7115
6727
2230
11
649
7761
9571
6331
5250
7670
5928
560
4435
8831
7043
7000
5256
7536
1458
6115
7804
9396
2883
548
5884
2310
4786
8338
1820
8182
1994
715
1756
7029
6685
845
4331
9112
4492
3198
875
876
6906
606
497
1478
3489
5668
3756
5954
1773
2801
7551
1161
2540
7653
5453
9293
4155
7330
9628
1479
5227
5616
2716
3097
7255
413
5679
1312
3484
9034
3511
3481
8583
2271
3845
2020
7339
9456
5696
2263
2121
356
8258
581
4054
3894
6205
3528
2128
6534
5278
4773
7372
7468
9416
1106
348
3308
3587
723
7286
8913
667
2059
7365
7688
4702
8587
6204
8515
72
4704
7265
8115
3440
5529
3882
4573
3083
7753
5438
1773
7519
3230
1630
3993
6820
7424
1854
1864
3988
7134
4042
803
8261
7455
2173
6522
3245
2324
8817
8980
1671
524
8156
6481
5053
3432
3191
8901
9299
114
1359
6688
8945
7338
2132
1344
407
3905
3248
8800
1901
2615
5658
1742
3516
1039
7890
2182
736
1239
8439
1228
6805
3141
4590
2922
6214
9469
123
3395
6834
2425
1421
4746
6993
939
9915
4941
2471
7169
3645
2448
8397
3643
980
4282
6525
3173
8262
2010
6345
864
538
3376
5572
9487
8715
151
6421
3277
809
169
2163
6366
9978
9997
468
6245
5879
1863
9438
2737
9387
7570
7313
4012
3879
3127
7428
4601
2355
8685
3911
3292
5846
5707
262
9924
6384
9557
4758
6893
1821
8833
4670
8254
9114
3679
2972
857
791
8783
9350
6715
3966
820
321
3826
4999
9867
7955
8434
3295
5629
7616
7205
2046
4552
807
6226
3076
7039
7113
2822
7291
8448
4118
5720
8863
2557
8824
100
2231
7112
9224
9137
5019
6987
7405
580
5187
3817
1155
3000
598
8316
1379
5547
2634
5452
1684
7589
6321
3913
5662
7995
6774
8573
9671
7996
2049
4611
875
2265
5249
6648
365
8449
5036
2820
4092
4313
6930
3141
7632
5348
4563
6191
7721
5019
3416
9804
2970
5081
4160
7223
3695
6876
7029
9684
9090
1889
3205
4938
2263
3372
8492
986
9395
4031
5688
2240
73
5248
1564
4774
3332
3320
8461
4276
1634
3450
1288
4928
1907
1774
8598
1131
4897
6261
4582
6950
5395
5580
7992
372
4640
6128
6586
2744
2734
496
6775
4316
6942
2703
4186
8217
2940
5626
9622
4053
4418
2293
3758
1564
7204
2455
9244
7857
7405
868
4013
8133
1974
1754
1375
9104
8889
8855
8170
6683
52
8588
4785
6352
3957
1150
9814
1645
6953
5488
826
5344
374
4099
9674
3539
6589
1133
5944
978
2646
2264
2472
658
7532
4684
7014
8594
507
6181
7181
1775
6280
7409
4196
4648
5910
361
4368
8743
2398
189
6136
7858
7047
1159
7782
9826
2920
587
98
5121
1366
5507
4619
7706
7282
1312
9485
5092
4617
809
6669
2659
9812
4297
3020
4173
9754
3121
7362
5762
7540
1636
5057
8887
3676
187
3039
3108
5775
5867
1504
4174
6900
3292
6930
3747
9072
9280
1503
8634
5161
3395
2236
7774
1590
7316
4272
5453
1616
8554
2146
586
3506
1906
8361
7369
9560
8181
112
9516
4378
5829
1623
2228
6430
8709
953
486
9439
9135
2210
4072
7212
9482
2410
8353
6273
9065
7309
4093
931
669
2016
6344
8038
5207
4644
6105
3925
2040
1999
5254
6348
7027
9205
646
8201
3520
8747
7565
7727
6949
4969
3780
2879
7969
5215
227
5646
1218
6184
3377
2235
1856
8054
2744
8480
2583
2317
3042
3877
720
6772
60
2759
8144
2862
1592
1047
1433
4152
7407
7519
4473
8615
7751
967
3564
679
4038
2238
7131
7760
6034
2277
1217
4353
987
4892
7832
4534
1140
7301
1241
3983
6437
6428
2298
3400
5620
9245
7060
300
3955
9600
6039
9105
5544
7163
3323
6854
4716
9073
1951
9138
4943
9250
3857
4784
3576
9832
5920
7337
3494
8478
1964
4798
3277
3480
2286
7284
8383
4460
8323
2379
5085
765
5661
7117
8350
7673
6000
1468
1441
2818
998
1204
6587
5257
9977
6408
1401
5521
1371
9073
3863
8100
9536
6224
2391
9616
877
457
5282
2467
2300
4469
3379
3071
9837
7719
3137
8750
5440
2473
6552
4399
5242
1942
5770
3465
2752
1771
4796
9485
3036
9072
1621
7396
7695
2292
1564
7662
3657
2771
6140
709
719
2213
4208
5968
5246
2882
176
1937
4681
7126
9748
5619
6171
6383
9260
6860
8247
3121
3577
5741
4013
4677
7765
251
5108
8478
9770
9814
62
6922
9625
4705
325
883
2494
2114
2967
3806
6053
5108
1567
6849
1302
3231
2331
3145
8707
5457
6764
7119
9359
7765
1821
3338
9864
5043
9125
3661
2636
4777
8183
7863
4193
4556
3881
3608
9817
5463
2348
9736
6684
9807
5722
6469
9076
7424
8052
6791
6983
6838
5987
5251
6694
8707
2149
2005
8791
8289
3440
8346
3048
110
305
3655
6905
4845
108
1614
1326
1565
4228
1281
7245
5563
1511
4635
6874
107
5420
4993
5643
5050
1178
4051
3142
9134
2545
4453
1812
9063
8731
2343
9691
3000
5560
9663
7370
7868
5665
5345
7395
286
2318
5727
6255
7716
2257
8635
4120
3458
3364
538
1936
7769
1615
4820
406
5745
6070
6404
1621
6186
1928
5067
5909
8447
8938
2671
4839
5526
7574
9721
2881
7401
6598
8224
8864
3317
9135
1464
1621
2354
7806
98
4224
4017
9992
2294
8187
9590
1530
4227
2911
9122
2124
6757
6452
303
3524
9577
8350
6543
7982
4826
8556
1855
3192
9298
4504
4637
8639
135
2910
3634
6151
7768
4126
2440
9327
6254
6745
4219
4132
3863
4433
7839
5687
3882
2901
1724
9416
7882
4957
7936
824
8381
7767
1576
7555
3254
5037
2685
9783
3571
7415
2452
6691
59
7777
495
9112
1629
6650
1196
9193
2698
792
5503
807
842
4544
4390
55
103
5333
9859
3528
7834
4938
5555
8191
3233
2678
3094
7493
7370
2312
4033
8500
3042
4011
2624
3345
2111
1127
4550
9864
3109
943
8574
3687
670
6902
1543
3951
6431
7972
7471
5739
3842
3041
6903
9186
9383
2038
7421
7327
7445
7478
2364
1621
9725
2774
4356
4159
5123
6499
9238
3482
3386
5272
2051
4787
6589
8329
2978
4342
8344
6903
4280
5420
4128
3592
1982
499
70
3159
5218
2662
688
2211
6126
2912
1770
616
6732
4493
7213
5998
3549
4255
3366
2042
6926
5420
4101
367
9310
5398
6562
1388
5019
9885
6355
9653
7416
6847
3683
9517
1043
1017
4767
3812
6691
4210
912
2377
9150
2124
8981
6587
8025
58
9090
1286
7782
6203
8163
2983
1978
318
4552
4944
5308
3166
8760
5862
8107
86
1092
4291
286
1650
6318
2163
3114
3615
4013
4102
6551
9248
7128
4573
3166
8599
3829
1035
4978
9890
7869
326
5225
8972
6854
2188
7211
9693
4233
4389
558
3310
5807
6581
1509
6273
296
922
6856
9313
8940
5149
6984
1028
5248
822
5432
1105
2313
4932
5760
482
4657
8599
4745
2254
5973
2032
1171
8456
3940
685
8030
3527
8311
5881
3009
4477
3524
7218
5045
5650
9876
1472
1859
2647
3682
3805
3143
1654
662
5527
1544
6648
6734
6108
669
8479
9147
5067
2730
8615
9070
3720
7417
2803
3840
5285
8133
8385
5172
4525
9567
7587
2802
6117
6439
514
4182
6922
3586
985
9483
4036
3468
1480
5457
6552
2647
9286
4833
5478
6294
2089
7561
1509
6899
8399
1323
5375
5986
3216
3133
9811
3275
9759
4212
2219
6470
4267
2458
4233
3380
5074
358
3370
8968
4599
4135
1412
3388
802
4690
2725
873
2003
4019
1043
6195
1254
3432
4826
6672
2183
7046
2279
4069
3890
5247
9993
2593
5457
7867
9104
4134
2265
2392
5555
4838
5317
5105
9992
6073
4309
229
7040
1058
8191
3416
2596
5672
9359
8313
9374
1279
9662
5327
1108
3324
9564
8139
4682
1175
5107
3615
8548
670
2820
1923
4597
7499
3923
8530
8814
1358
8360
3535
2591
7190
4897
621
7285
9527
3338
6580
180
3257
8971
2096
4976
6238
8670
5261
4794
4086
5319
8529
1943
725
5606
5991
6534
1964
9369
9611
2299
797
3624
5729
188
2795
1678
7815
211
9296
7411
1141
7914
8841
9796
4958
1886
4828
9835
7731
9482
7057
8868
3044
2782
8536
2623
3884
6019
9200
2453
2854
154
5520
846
9889
4555
4215
5677
1687
6120
9721
4874
6754
2787
5623
4591
58
4947
9506
8644
5337
4355
8079
4744
385
9682
2676
1867
8202
2538
8314
7972
2201
6256
861
5650
1010
3391
4005
4113
8621
94
3639
3645
5970
7439
4068
4479
4033
6828
4405
5482
4286
8737
7725
1829
1606
2534
1458
3327
6726
236
6239
154
9800
8819
4389
4485
6951
4235
6541
9914
4562
9332
6695
8819
2423
1919
8988
793
8709
7086
7372
3245
5134
1771
5293
538
9134
9961
360
2669
8138
3873
4891
9635
5575
2703
6495
530
2017
8112
8648
9547
7845
4026
7153
2548
9642
3856
8640
5826
9946
1637
4934
2849
5832
4522
5617
5677
2239
7429
9754
6372
1021
1082
6338
6741
7823
8632
2354
6255
4605
7133
3013
139
5728
2302
1778
2098
7535
7895
7547
9931
7723
6297
8132
3806
1423
4853
5576
4503
6046
9168
5999
9804
3331
5639
9321
1115
8847
1020
287
340
6174
7658
4577
2678
8913
5189
1039
266
5759
1836
7930
8879
9236
6494
9854
7650
7413
631
5646
8319
8732
7122
7810
4378
6679
6069
7754
8632
4636
4078
8814
3950
8192
9642
3998
4087
1116
4305
5044
3253
8992
5961
7621
5836
8778
1296
5615
780
8133
8328
6186
7515
1806
3981
3458
3482
7916
2488
1900
9053
4963
2955
4031
463
9727
7434
9848
970
2208
3343
5536
8723
132
6063
8500
9244
1771
1325
9217
5870
542
8
798
2381
6645
7007
5899
6905
9550
7391
8114
4553
2561
3543
3053
1974
5368
8959
8148
5735
4057
7384
1185
5193
9593
1861
3404
3619
6989
2801
5161
7722
3943
2124
9619
701
8914
3854
6667
1185
9877
1954
2352
2993
1924
3332
7206
6988
1397
7708
8779
700
8972
7944
7530
9883
4890
7378
9549
6079
8569
7569
7550
8739
5132
1129
7881
1647
5934
7043
9399
9240
5886
5346
7705
2999
3381
1659
7193
3347
6395
1186
8982
369
1254
4076
9655
3972
6278
8501
6757
5278
5095
234
7114
9045
9808
808
7222
4231
7689
2386
1962
9337
6609
8220
1542
8600
8681
2950
437
7170
854
1055
2602
2278
8793
8353
6746
8300
4635
4358
6752
7832
6633
4342
990
625
6788
4223
6350
5531
9772
558
5750
8196
232
2169
8945
2430
6369
1463
8277
8604
7109
14
4282
7777
607
9315
8758
9639
1595
9977
6456
2301
2082
7528
7567
7961
3386
2569
2720
7818
4510
7526
257
628
674
9411
3947
6570
6741
4202
8543
4531
6687
3550
2514
2687
3903
9634
9116
922
2985
4756
8412
3213
7448
1708
4296
5131
4468
5413
4492
602
4143
5131
6160
233
4987
4616
874
7129
9671
6268
5628
9304
7892
9350
1166
3880
9537
6015
4325
8474
2909
1933
5296
3869
2931
3444
4702
7759
7108
7691
232
4221
1803
7437
8186
3690
6768
706
6663
1609
8758
5231
6746
773
4187
9938
7034
7985
9618
2360
7381
3122
1403
9887
5819
3873
314
8820
4342
4307
5227
2829
3403
1763
464
2059
6677
8041
1697
2675
5458
3155
9768
4189
8005
7353
859
443
5526
6521
1016
2840
9078
8339
3032
1178
9650
9463
2994
2868
4054
3588
7774
5523
5051
4463
8518
6736
2185
3699
8226
9570
3276
3243
7717
2845
6594
6167
9768
227
6019
7216
2513
6588
3317
8558
1869
7098
2890
1478
5448
4409
9451
8852
7670
566
2389
4233
6109
1496
2677
6868
8523
8563
4527
550
6324
8657
8857
9259
2183
2316
4032
1459
7731
1573
1963
1406
346
3281
7938
876
6902
3793
9236
392
2945
1543
6610
6967
4919
2317
2762
2831
2034
5458
7265
7710
4496
9868
5248
9441
625
3697
6901
5183
4236
9330
5617
4581
3627
1362
2387
9834
6398
76
3174
2518
3260
9498
7668
6227
4924
6699
3256
880
18
5146
5327
8721
5866
6311
4258
4842
252
643
9218
9929
3432
3131
9613
3903
3318
9714
9749
1968
6524
2023
7027
3323
3842
8901
8038
7781
8316
3252
4967
7784
6989
8184
3612
4824
3299
1044
1804
8324
4935
914
4685
5750
5437
5816
6493
2200
1032
4670
3841
4847
3755
6011
3382
7559
9298
2248
9856
6108
8621
9187
1136
4135
5413
7276
2120
2932
3801
62
1724
323
5693
9515
5460
5451
7096
6268
2144
8955
1760
5607
8369
302
6575
8643
8001
876
4139
1280
6627
1883
6570
8606
6463
9823
6068
9127
1765
3633
1803
3459
387
341
1272
3982
2375
294
8910
3784
3226
6023
6390
6576
6008
2987
8764
8567
4875
8146
2010
3661
4247
5557
6757
7662
6361
3950
1612
7863
3664
3078
998
2843
9934
4119
5101
9422
74
6146
8705
2999
7934
9128
8050
4785
3067
4884
1892
9739
5086
2097
9063
7696
9605
9592
2926
2079
9619
410
5481
7577
2143
7062
2638
4242
9241
5876
9160
3758
2932
641
453
5906
5465
1624
4606
671
7272
6721
1475
3762
8198
1121
5536
3398
5361
675
371
5747
108
5766
4103
7340
9080
4673
2625
2749
5711
4712
8533
6420
2307
9158
4164
7602
4317
9335
2039
5821
1627
6793
2468
1565
8656
5709
8249
9976
6775
1430
6383
3041
6433
507
9189
4303
2127
5999
3930
3562
9915
1130
758
5876
6295
7691
3407
4161
2692
4861
6148
9322
2692
5096
9600
8484
5034
5428
1669
6843
3066
7862
2377
9732
8789
9486
6085
4811
6493
7486
2480
4279
3693
8498
654
6759
7583
380
9453
6094
8490
7123
3612
2334
6701
6024
110
4105
4618
5567
6124
1869
6749
8653
8668
465
4703
3928
5958
8462
7423
2111
8022
4994
932
4009
3729
5069
6879
6559
6232
1397
5471
7009
2761
5167
9254
3371
2261
4034
5304
7995
1994
9719
8418
7995
1165
6284
1131
8957
7637
6984
6845
3910
6417
8786
6796
2183
4597
7665
8250
4043
7216
5648
7225
7823
6392
8445
7996
9706
7949
4433
935
5375
3073
5058
6640
1610
3747
9990
5608
8227
8452
4453
6626
2766
9042
6291
2979
5047
3983
3838
8368
5335
5804
8506
7585
3161
3320
5161
5007
4268
3739
1564
6414
3673
87
8804
1805
5270
4727
2855
7122
7578
396
9269
5884
7939
937
9978
283
3216
8182
1720
7368
2757
3072
4808
5541
790
7215
9640
8441
4710
5761
1373
5213
4502
7582
1932
2331
9573
1134
687
8630
1174
3628
871
8857
28
8370
1876
8007
4086
3180
7060
9282
3332
5815
3027
9555
4276
4017
6066
9562
8586
2049
3460
5171
8112
9683
3779
2242
3789
8353
9214
865
2149
5453
870
5525
7742
2943
5856
3443
716
8157
3644
2810
6160
37
297
2320
8804
591
278
3217
70
9526
1171
1430
7063
8223
2948
3728
5778
5053
2722
7946
7829
1628
7544
8044
8449
145
3783
2587
3529
2218
1091
3926
9873
405
6043
876
9216
7927
8802
9655
7358
9090
4996
7238
5529
4869
1475
3793
1150
8810
2424
39
5809
3466
9531
2630
3221
9136
6817
4685
3976
5046
520
9886
9561
350
4922
1231
9427
4500
7994
2187
4020
8039
5586
544
7999
5615
9177
1811
7273
6972
5542
5341
6544
4820
5746
8723
5768
7481
7974
2936
5771
9429
9676
9568
3958
6912
4908
2252
3319
6087
3353
3537
5278
8226
6129
8780
2511
1947
3598
134
418
6679
7888
3076
2386
4922
3685
6081
3286
4886
7652
1696
4634
8743
8132
4837
9143
2559
6356
7579
3148
6127
8059
1172
8248
5110
1310
9268
5764
842
8943
6017
5693
322
2383
506
681
5446
6556
5595
1451
7706
1492
9028
3529
1414
1382
3437
6896
1893
982
1774
3214
4587
5443
6996
6484
6071
6638
3764
6146
5715
48
8878
4750
1661
8236
7917
2296
4078
715
1604
399
4525
2855
1910
9497
2269
7262
8921
137
543
8679
9476
8066
18
7537
1945
6810
4545
3931
6095
6920
4318
4576
9893
7140
3151
911
1730
7899
2358
2191
9447
1398
5580
6585
3311
8159
3275
4291
3082
2966
8167
2367
957
5283
4022
755
7465
7626
5217
9822
5062
7601
6009
4533
9786
578
9767
6844
3239
8889
8878
6611
6351
5885
2112
2635
689
6827
739
7365
4921
106
8769
4665
5192
8823
7545
5964
670
802
932
771
3635
980
9617
1397
832
9873
2386
9050
2981
7870
5189
4768
2007
4834
3724
8498
4204
2381
2916
7025
7727
4859
6504
7847
7410
2876
8490
1756
8406
3300
3990
9233
4534
665
232
2737
5406
1283
9541
6257
28
8378
761
4881
2965
5971
4722
6107
2580
2795
8627
857
3176
1927
5094
2550
1835
2472
2263
8
7478
6778
1701
6149
5509
3965
7584
9680
3044
8028
5881
8542
351
386
5145
3323
7030
827
3398
5861
9587
7773
5318
8658
7584
8466
8589
2581
6118
8422
4561
473
7928
3230
5780
4670
4732
9242
8874
4029
2705
1270
7315
5214
295
3082
5802
2167
3957
7373
7231
4135
6821
9912
4312
6673
3242
3071
8594
5191
8050
8858
4271
3205
5033
5910
4440
2739
4509
9033
779
8203
8156
6736
371
3430
1744
9343
9655
3154
7603
8356
1048
3183
3750
3826
2777
9424
5065
6356
7144
3716
859
696
5761
1168
9526
9830
506
9724
8590
8888
6938
7782
2828
1386
7452
4364
261
2510
8409
8840
3504
4533
9607
2071
239
7811
6278
2234
9467
3196
3090
8506
5345
8602
1754
830
6818
9276
9581
7461
4397
9156
4887
9087
7074
7125
6340
5419
7160
1765
479
9308
5823
143
3303
2594
4484
965
6144
8736
6610
4664
7261
9663
8128
8896
997
9410
4446
3190
6810
9977
4782
1779
9461
2813
8436
9281
467
9016
2318
7311
5016
4804
2071
5655
7311
2816
1420
457
7290
9607
5482
77
2456
903
3927
867
724
8950
2035
7085
9976
2819
6476
5577
9533
2588
9000
7498
4904
4688
6446
7354
7139
622
1478
3279
8234
7587
4835
6444
4970
3458
9459
5031
8237
9691
9420
5478
948
4832
4855
1786
1081
4367
3199
7698
1376
2890
4666
9725
9435
8305
8005
8976
7117
1700
5253
8699
3542
3704
2828
591
1511
5733
4137
4348
2819
8755
7155
1033
8443
9531
1530
4590
2879
5953
9532
347
2897
7684
2435
7716
4677
1853
7114
3182
5512
6538
5555
941
7532
8840
7505
5575
1894
2818
9105
1085
1703
6748
8839
6294
3539
3081
3927
3783
5672
8310
2189
476
3903
1829
3413
4252
5752
5252
6527
2920
188
5168
810
803
9684
4445
4927
8275
1113
9011
4510
4551
9291
5549
3797
4008
2570
4694
3119
8668
1612
8127
1957
8144
6898
5147
8295
6422
7382
9000
7971
1373
9791
5062
5720
6097
2511
5905
9861
1096
1010
6592
9461
6105
2236
1457
4117
9247
3834
7659
2962
7322
2512
3600
3052
6403
5636
9981
9763
5435
1243
7605
9833
4368
3537
8761
9168
2673
1981
3920
7724
9244
4999
2345
7501
8917
5565
8752
7318
5488
4449
8109
4476
1925
9643
2004
2220
8087
8030
6387
4380
9825
3087
8147
9636
8207
5733
1808
7745
4817
1884
6046
9410
338
6978
3293
4856
2783
7720
8770
4158
8489
7604
5833
5434
7494
9395
5838
3096
1644
4934
2322
2011
3309
9955
5396
9180
3048
9180
5516
5504
179
8086
7746
4349
5105
9398
9798
5845
5425
2290
5453
915
8883
4006
9157
282
7067
7239
6522
9384
6239
5533
4939
449
152
9734
5307
1081
4011
7161
982
2367
834
1467
4436
4227
8273
4902
2033
8929
4566
6439
8485
9204
9314
5976
1611
8686
5601
1202
1740
8441
6445
7500
7052
2339
8141
237
2704
5785
980
806
2338
6499
9283
1286
1191
6319
6300
802
4348
4735
2639
206
2091
2825
4493
9014
3854
2648
2596
70
3033
4851
7342
3682
6709
5142
5248
2670
9712
5563
6368
9773
8143
6066
4599
8539
3776
9954
5494
5134
9981
6463
4258
3868
6031
7933
1298
4458
1639
8192
3891
8103
1465
7017
9638
6063
7342
4251
3899
4191
3599
2989
9952
8183
3824
398
8626
2452
3988
8193
6303
4154
3477
3801
55
8986
2840
4209
2235
257
6051
9485
5621
7637
2200
2988
9928
5826
1274
6270
2724
3602
779
3776
9165
1863
676
388
3908
4741
7077
7172
4070
9004
9972
6126
3748
8476
8437
6496
9798
944
2422
5629
3691
2535
2960
1595
569
7072
4876
4259
4545
8461
2498
5451
5925
7512
2053
9500
5680
8383
2307
4251
6690
6559
2542
7450
4515
3863
7262
6164
9568
2396
9953
1450
3412
3090
4187
8383
9266
8965
6775
4502
545
5464
5440
9455
5624
3767
5581
5368
3803
8506
8961
1509
8974
3348
621
1130
9257
6975
4439
2154
9174
5868
4032
1297
5221
8594
6728
6329
5965
9363
2514
5513
4066
783
5266
6809
2468
5479
9292
9643
8169
780
9140
2413
3066
1605
6052
5869
4616
57
7526
7115
309
1252
6530
4144
505
436
8675
7393
54
7876
7315
62
2092
3953
5753
1945
4065
5359
2060
131
7877
5281
6509
4021
2307
4637
4057
835
2323
6277
7462
3528
1631
3661
2349
8425
9646
6487
2372
6626
562
9135
7276
4441
180
7547
5391
170
9312
2552
3145
8113
6639
2285
3467
3057
4870
5243
4318
8569
2033
5480
578
3352
2488
9653
5990
9672
3015
7576
5750
3483
3368
6596
9617
1628
3756
2703
9428
8871
7507
2104
3639
8743
6037
9650
4881
6908
9963
9004
3635
8277
2723
3873
3167
4270
5350
5320
9341
5595
3386
35
2514
6157
6780
9161
5783
8762
3252
1760
57
6564
7142
2423
1242
3575
1301
4322
4512
1499
9253
4543
5515
9791
8686
7716
1363
9689
1576
9334
5650
6856
5140
629
4898
9186
105
5018
8048
6354
9812
3531
7781
6188
8026
303
8628
4769
2603
4372
7710
652
892
3412
1052
3034
2935
1455
1765
5685
2305
7229
7814
8062
797
4670
5088
6246
1067
3276
1396
7562
8724
7686
4194
8282
2197
3460
2799
334
1492
9873
2421
3032
7234
9586
4535
302
7899
1802
9983
4440
9727
6514
498
7103
8824
3525
9340
1407
4292
1165
6142
4092
1864
6511
6361
6715
1657
5358
9621
9371
4402
5435
9070
5053
1974
5916
2872
2312
2488
9296
4091
2742
2334
4064
2965
1691
9087
7700
9643
4871
8811
8051
2097
7833
5068
7401
5564
9530
8522
7078
3758
3924
994
9006
710
4706
2595
4329
6438
3049
9288
4358
3646
4466
7575
842
4105
2561
4105
9087
2679
233
6783
7542
4408
890
7604
2476
6015
6965
5974
535
9749
4326
1064
5018
4658
3530
3162
5537
5552
3492
209
8097
1959
4550
4214
7539
146
5009
2594
1911
370
2521
7583
2599
9297
7439
4646
7832
1952
1368
1264
3982
9113
5569
8777
7163
8202
9144
436
5794
8804
7238
2017
6127
4057
8666
7326
5267
4473
6063
1438
2807
8778
7750
4935
9314
4488
7641
9173
9696
3088
4345
6889
5495
4308
8820
6204
7695
2796
3008
5998
7316
5356
9665
6623
2224
4171
5367
5711
1252
2191
594
1633
8978
8994
8977
6092
2722
1643
2109
4710
6337
8958
4288
521
3283
2677
2440
5470
2413
4804
7504
1911
7338
2311
6671
7775
8329
615
1326
1800
8516
687
9198
6483
3080
8334
8789
6930
3940
6631
916
8599
5842
5225
5469
222
298
3049
4836
5646
1760
840
8166
4406
6296
3143
3604
3588
3737
1232
6457
3650
9596
3027
113
5323
9219
7589
1383
9341
6933
1453
3773
8266
9718
1761
7347
3856
5957
3753
8999
6455
5665
9419
8995
8879
320
1139
5752
7355
7617
6920
9892
8365
9388
9320
3157
3683
5515
6540
2584
5425
1153
5277
1246
3223
8629
8709
3404
5089
6828
4307
8035
8825
1319
320
5790
1069
8729
4528
6444
2789
9524
6473
6841
8484
208
4647
4413
480
8856
2327
6018
5805
8921
4456
5505
3787
7218
7334
6462
6605
2065
7417
5215
4007
6525
1515
5894
2722
3875
7835
9439
6654
7436
5706
7653
5420
7804
9532
6192
1434
4976
8095
9778
8926
5935
5111
1972
1332
6050
8778
6977
4444
3040
6954
2115
7019
7027
8347
787
4754
2153
5009
6112
4880
2735
4419
4422
2305
9427
8140
3702
2167
7968
3966
688
582
9319
1970
5594
1595
5024
7903
4136
1533
8272
7540
218
5489
3271
7606
4139
2924
7732
9483
6522
7123
402
288
449
8893
5296
8324
3998
5315
9700
4164
3737
5570
8772
6595
6302
7059
5267
2231
6711
8822
3091
3682
516
2694
3976
307
9670
7916
1110
2475
7642
5456
879
6410
8383
2372
4118
1005
6919
785
2231
8799
9420
3265
6366
183
8892
3837
6948
4965
7809
4642
1782
6618
6420
3266
4834
1079
8573
7961
5334
7271
253
2042
5441
7119
9678
9364
9366
9991
7723
8987
4017
6814
9221
7294
9807
6894
7034
81
215
2346
7268
6513
6556
9353
1027
8023
4944
8881
6333
7210
1222
2686
4577
3842
5750
3451
3929
6863
7631
1853
1753
2651
4030
3870
3088
1268
5242
1722
2132
6907
4052
8322
1232
1548
3323
8812
7193
5543
7388
2300
9933
7713
1126
1966
22
1739
6499
336
1020
893
6731
723
2008
9149
2085
1051
9136
8346
4885
4226
3681
706
924
5274
226
6789
966
7763
7134
8085
6907
4153
2569
173
628
9084
2496
4004
2380
1166
3032
5241
7892
2311
6992
7578
2189
7495
3206
2313
684
4213
1203
1658
720
4272
7648
3836
5296
4987
9063
6583
8903
6648
5116
8156
712
9910
5884
6499
2735
2520
6881
736
3631
7421
6684
2469
9217
2300
427
7263
8669
1012
282
5675
1537
4133
4624
7000
4673
8099
434
1614
3498
402
9829
2482
140
4557
793
9403
264
6409
2067
8327
4230
7751
3620
388
3795
461
604
7628
5558
6504
4971
6586
4363
1246
7025
281
3542
3775
5519
1527
8569
7810
3543
5145
9488
2909
9965
7593
2716
363
3568
3446
3098
1716
1913
6520
9518
997
102
4707
7793
3937
7163
8307
844
2686
7722
8871
8208
6484
1192
4441
2601
3628
7631
7662
1651
4992
1833
2112
7051
4564
3203
7651
6417
8809
1624
2198
7520
5378
1472
5460
2123
3031
9127
9221
6656
6140
7168
1512
2349
8259
3507
3021
3425
4396
1017
2292
6268
8706
2647
7649
7249
8933
8444
494
6951
3732
3394
6537
1297
5923
1761
1047
192
1171
6138
6268
2133
6184
7667
6452
4806
9480
921
2330
6904
7834
173
1381
5428
8008
8733
6148
4657
8855
1160
177
9703
1934
5559
686
1146
705
8819
7993
6912
4116
8454
5625
9975
1419
5812
2902
2261
237
7365
2635
269
9161
2029
9668
6034
34
359
6551
600
2529
7837
374
1400
1268
1875
5958
6823
6125
5188
9862
9805
9622
1299
6143
7835
4299
6007
1647
9633
4992
974
1885
6335
5306
8857
5944
8101
8797
9762
5784
425
3184
2038
6547
5810
3121
7802
1045
1154
9193
3715
5693
2021
8115
3366
4781
8636
5021
9187
5236
7446
3045
9323
4429
948
9473
5622
5047
9232
1741
4851
6733
5745
7318
4814
191
1627
9665
3437
944
329
4716
5361
5538
2428
5726
1304
6561
9453
1923
8489
904
9569
720
7413
6184
9576
4674
5342
5157
4547
4450
5836
7944
4275
6114
9458
6627
2046
2496
3997
9508
2214
6567
2430
633
8521
2616
4457
2893
2265
5701
3069
2046
4712
203
6302
6654
3804
400
9019
3203
2916
8772
1429
8012
7527
3973
3753
4413
5533
7707
9538
8229
1531
3835
9094
6583
9593
5097
6096
4638
8798
3287
6879
6104
7502
307
3396
9366
8956
9335
3002
1571
8997
5975
7690
2413
2258
99
1874
7505
7118
2058
8210
9585
777
8483
4330
3004
82
9698
1583
9826
8424
7692
2263
2747
6846
9691
5314
6011
8505
4005
1413
604
3797
4203
5486
6067
2371
8886
1020
9219
2935
6713
3919
7706
5385
9527
7087
9570
240
2819
6725
5703
5761
5545
7180
2339
2954
9685
2453
7075
7611
211
8211
2964
2085
1797
7265
1721
5618
5288
7248
8522
1636
6958
7880
5269
9367
8391
8323
4265
4391
7916
5926
3183
7731
4826
1927
7441
8906
9593
8095
8593
1487
5799
8814
874
6427
5919
951
8810
2216
2296
427
7570
4275
2847
2294
9184
3281
971
9315
1800
7437
5304
6438
1135
3133
5263
5954
9076
6830
1432
9900
1881
381
4517
1897
3670
8963
1886
7862
415
3607
3642
9022
846
5780
6383
3833
3226
3118
6919
8373
2765
4207
4415
6196
7146
9087
8922
5372
5104
8116
9955
6728
8234
5876
6892
9981
376
781
9659
4011
7569
3598
1822
5771
736
2694
6934
9375
2533
6563
4710
1354
2310
1422
9558
8920
1467
5085
2851
207
4337
2169
8843
8101
5647
7111
4900
440
4069
8552
1220
6864
817
1217
2493
2413
2943
4102
4959
2963
6500
6232
8662
9792
3549
3642
7553
4420
6955
702
5223
5566
7024
4794
1111
9117
6963
974
9360
6185
4556
1429
822
4711
4276
8564
106
2106
7840
4010
5047
7295
4237
3241
9971
9252
4036
4722
4928
5506
6321
7165
6803
624
2808
8272
5595
385
697
3865
6714
4048
9007
4385
4562
9880
5459
1692
5406
7178
3037
6223
9400
3813
2063
3305
3191
867
1340
8617
9429
1918
9606
4038
9722
8077
71
3504
204
3331
7229
9903
5065
9053
1740
390
3537
9796
3113
7799
1491
44
702
9231
6479
7428
7079
7909
238
9772
4776
2933
3503
9487
3601
5357
1956
4958
5413
6958
6079
7667
2799
9068
2790
8823
6575
8126
3390
4885
8233
2260
9065
3034
2174
8162
586
5220
2971
1344
7318
3734
9824
5573
3394
3447
4816
3370
4137
5760
6944
5684
5869
9089
396
7687
7839
5928
8701
3046
9803
6176
9074
7095
3151
8413
6611
237
2097
1526
6219
6891
9648
7901
3837
3384
2868
5782
4616
3418
2894
1560
276
3976
4643
9519
6323
3123
109
170
8808
9668
6185
6529
4846
3115
4566
435
3776
7066
3180
4974
2415
211
4987
5599
8387
7
9584
6843
3274
4241
5062
9145
4300
1344
6425
3795
7567
8215
7705
9705
6971
3459
9592
4785
9794
8567
7583
4041
5520
9084
2823
5349
306
9552
9802
2082
3948
4443
2953
278
5208
8573
4173
1297
9601
6532
9886
1691
1763
565
6339
9516
9077
3257
8897
848
8004
2824
9290
6561
895
1280
7559
8135
6
9131
8149
6615
3729
4942
1389
2683
2741
2111
3601
1097
8165
1628
4438
4928
3679
4968
6784
1466
4519
4955
2900
8392
5807
411
6951
2693
8807
3338
6492
1152
7846
9165
8124
7315
9912
8426
5607
1580
5132
4343
7445
8718
6925
5749
4926
3566
9732
6413
3695
3970
7573
1528
3118
8230
3384
7069
8093
9614
2798
9920
7572
3143
4083
2087
7474
8509
5443
9318
4589
285
7982
6738
725
4029
9959
6981
3406
2258
6310
8376
3011
8849
7251
5039
1436
8468
6525
9778
1273
7679
9412
3280
4370
2350
586
2925
9361
9810
6378
6750
6277
3900
2427
4857
1486
4489
6838
5058
7956
6683
3852
9082
3148
1918
1529
5499
4695
4297
9
8980
5849
6199
325
1264
4664
9354
3146
1658
3188
9816
3442
3318
4542
6131
8125
3642
1625
9427
1554
4483
8944
6118
4788
1739
2986
6039
2484
6130
6615
5603
4543
9939
5215
3545
6390
1947
880
8549
5686
6743
4150
7235
7448
6099
8260
3769
9680
8858
8069
6438
3730
4245
4766
1712
8026
67
9203
9683
5647
1321
3129
945
300
8718
507
1233
3460
6525
8878
8608
5781
215
4916
4546
7575
8726
504
7294
1354
7244
3122
9977
1871
9233
4547
4687
7793
7462
346
3527
3973
7706
8816
4470
4518
3988
6909
3148
1136
3013
3991
2545
8725
2535
7932
6496
4793
1980
3546
1139
8026
9586
8750
4407
3821
9838
3132
4644
9526
8086
8316
3304
4180
2318
8483
4658
2564
1244
8025
8153
6252
7689
9861
1578
3001
4248
7511
5876
3343
3989
6783
2638
9048
3775
4972
6098
131
6656
58
8591
2976
4696
3856
6710
2296
9044
3666
6362
2640
4093
8782
6614
452
4413
5592
9706
4721
9143
8073
6521
835
7831
4546
4881
1360
7251
7821
7664
9038
2660
9713
125
9906
7082
910
4151
6847
5738
9915
1510
4328
7987
9792
3409
9609
2875
7218
4078
1873
4129
5876
1917
8558
7022
7062
4767
7463
2278
6426
9292
713
5274
9551
2567
8674
3194
949
3021
65
3907
3427
3694
1828
6302
2535
337
2791
8563
7444
1408
3130
219
6695
1264
7941
5789
5319
9288
3540
4016
5724
6134
7087
5989
2963
1759
6933
6683
7345
5671
6066
2933
3173
5962
1072
8954
9887
3604
2126
5440
9482
3256
7589
5776
8377
3485
3193
5955
302
5784
3178
7868
8912
9743
8466
4321
9508
2537
5340
7070
9591
8673
8577
4833
3269
9699
9263
1704
4154
3718
2798
428
3883
3074
2246
7362
4023
1641
3463
1301
2549
6604
6756
773
1671
5315
808
2332
4451
5462
64
7255
7985
5808
7086
9304
9368
8759
4397
7367
4069
980
5494
5534
4353
5873
6360
4348
5876
3517
1480
871
3716
4325
7858
7514
6612
1384
4542
8082
7583
8337
7250
2426
2794
815
4097
8770
8323
5750
4963
2088
3680
5145
9837
6087
7397
8578
6864
5251
342
6116
9316
6752
8539
8909
8022
2824
9134
2052
2205
9304
9012
4736
7711
8635
9693
1766
1566
495
5444
1178
5008
3185
5355
8798
8338
2504
5382
5622
4535
6662
736
4661
5770
1043
7771
3664
5350
8570
873
8879
3237
5127
1034
5363
1829
895
6866
8228
1518
5467
42
9214
5721
5369
9495
2099
1939
2808
9508
7411
6484
4446
1544
2569
2020
2323
4619
8819
2875
9707
4196
9701
1479
2823
2881
8392
951
9580
8881
4920
6685
4230
2912
248
4375
7908
919
9926
3660
2290
4762
8713
9295
2530
7294
2063
5490
4547
6598
4043
5906
2591
4394
1944
9485
2850
2524
4856
7574
7468
4613
8376
4766
7340
8835
1255
1817
69
9900
1421
5741
4318
2654
2623
5394
9930
5981
2685
2836
6097
814
1799
1092
3776
5750
2801
8523
813
7937
6365
3541
7438
7937
4972
5717
1072
5031
8330
4912
1197
492
5445
6833
447
7521
2441
9101
6849
4849
3283
5852
8539
367
9685
8644
1182
7285
8667
2315
1528
6729
313
2057
8402
841
3686
7556
7578
3586
2582
7125
9784
295
936
5127
6440
2283
7225
8842
5249
1123
5690
1272
1973
6365
3328
5172
9866
3263
3812
1673
7461
477
5563
6176
8700
7139
3020
5013
5515
9924
7215
776
3821
3873
8575
8362
3717
7868
1156
5947
3956
9271
2766
8018
8532
5992
4708
5543
3205
5747
6750
9997
4221
9097
8937
664
6421
5511
1201
5311
3558
369
2871
6148
7322
3944
6730
9847
8060
4387
6302
6230
8959
9565
7159
9073
16
2391
3786
915
9873
2577
9931
2450
3843
9982
342
7456
4230
9883
8295
1737
4876
6254
5423
7455
3568
2421
7872
3505
3680
5552
7789
3123
3593
2051
9728
8388
9457
9969
5041
986
4716
5161
2981
5770
1292
6229
6505
8605
6630
4305
9083
798
963
2119
3421
1145
4175
3853
672
1247
3133
1715
3769
4353
1483
9960
3574
3980
4400
5484
2642
1012
8293
7818
4566
5210
152
6468
9807
5248
1371
5425
9924
8205
8494
2554
7148
8485
9756
6361
3824
9751
8420
6959
6403
1511
9591
7978
6707
6321
5278
379
8260
9113
8426
4521
8262
4990
2903
8863
9017
5441
4393
7090
5932
4705
9071
2290
9724
5863
6992
6432
549
5397
9187
3858
1743
5648
9264
1362
8984
8295
6997
6377
832
6126
5399
8520
4581
6051
4238
5201
5373
4842
4812
3496
2659
4528
2917
9009
1937
918
1527
7055
7646
9572
313
1857
129
6563
8873
8172
3507
9872
5086
4154
7824
1914
9402
4433
8747
1321
6608
4975
4499
278
5254
9788
5251
9466
2284
3284
2382
2147
1662
1593
1453
7872
9052
2620
1367
4129
3222
6159
1758
7216
9120
4520
6937
2024
2466
31
4710
2580
4031
1214
7953
4701
7549
6237
6738
5669
8934
7820
2
2843
3073
8415
3149
6457
4557
9366
2837
7894
728
9839
870
6649
748
705
8582
3868
4470
4286
166
5453
6686
4934
2521
9627
3814
8636
5872
5944
7274
2463
4596
8361
5970
8226
8730
5789
7957
1006
2332
9821
1261
5793
6266
1843
6132
7181
9694
863
3577
8187
9314
7379
8207
4221
3413
3866
2593
8010
9162
8347
1734
5642
8636
3730
5405
7253
7792
5186
3373
8183
3342
2328
6968
9272
411
3693
6926
1956
2978
2067
8176
6426
3804
2799
2868
904
1878
6896
8332
4467
9438
8124
5769
5876
2706
8411
184
9768
6924
6735
4899
3497
4167
2676
7305
1510
5473
4804
9333
9476
9575
3476
9130
8378
4080
9153
1321
1719
7265
8320
4756
6555
8386
8754
8228
8651
7548
377
862
5064
6414
5094
1779
6210
4893
9164
4344
1918
748
3055
394
5652
7351
1322
1489
9213
4366
6748
2889
7499
8092
5566
8909
5900
7809
5347
5536
5577
5253
7710
3534
3906
2058
3274
5775
956
230
994
1684
4011
7802
5493
6768
7515
9506
8584
5526
8485
2761
8856
7725
9657
7352
2112
4987
9248
3051
4864
1480
3779
6720
1682
4865
5735
1417
8981
387
202
747
366
8055
3709
2626
5803
7695
6518
2381
8886
1352
4431
3291
8183
4709
6684
2844
6988
8382
1242
2732
6172
6711
29
5648
2056
4442
8151
31
3984
7546
6864
4698
351
9892
4109
1278
4901
7788
8502
6362
9180
2181
9310
2879
6989
7571
2204
9456
1951
3376
7410
7088
828
3625
8219
4702
735
5712
8433
4231
1181
2072
4659
4874
1137
4011
8441
6978
9785
3081
8308
277
319
8951
6931
5899
7597
6831
5772
1848
108
9289
9775
4255
8804
8065
2470
6136
9032
9097
2759
5708
436
7285
2105
2038
6575
8472
7571
8529
9198
8491
6480
2126
1528
6843
7363
3085
2129
9636
2903
9903
1063
3852
7263
1813
8463
3109
4096
5009
7129
5033
963
5705
4650
3238
4843
5035
8735
7884
1227
6418
1582
1306
4707
1382
7821
3673
680
6802
9315
6067
6321
2871
4061
2297
6553
1416
1757
400
5894
9703
997
5733
8960
4796
9779
3146
8048
529
217
369
9583
6465
4053
2455
334
987
7047
9021
2512
9567
6536
4822
5946
9539
2291
5620
2126
8730
8613
5525
502
5966
32
5074
2433
2234
8182
9177
9132
184
6652
4260
1950
3854
3438
8222
1769
6839
4846
8671
72
2900
5533
3124
2370
3275
8758
4801
7759
2143
1028
2597
1713
1329
9577
458
5533
5814
326
665
8924
9732
9094
7034
9509
7455
8163
2836
4468
334
429
5984
9096
9008
2202
4903
9625
7644
222
3143
7288
3161
8700
740
7728
2542
164
3076
2403
7178
7043
4283
9510
2960
2318
7882
3153
9519
2505
63
8703
5405
7474
7421
4829
881
8127
7473
1402
9594
2947
6878
2659
3216
1476
6488
1599
4945
5819
9240
5997
921
4610
499
5944
3546
3347
6215
8964
4852
48
2773
1748
2984
1581
4456
2841
5375
6055
862
6041
7990
3766
9209
6316
6423
4200
6217
8830
6803
4498
2880
9913
9045
3718
8065
2732
2745
5622
3498
4830
3619
3164
1903
4130
8883
9463
7698
7329
385
8772
2971
714
6668
1827
3795
9327
7400
5805
3761
9939
2481
7840
529
9779
9960
8135
7666
7778
3401
7906
6328
3225
7274
3115
5520
4544
7286
7029
2807
5600
7898
2078
7843
7967
2457
3409
3177
1823
1488
2408
6256
5938
2641
3451
3758
2785
9515
5714
534
6608
732
8518
8334
9701
3860
1879
3624
9813
4301
174
1555
534
474
7235
2552
8302
9715
6425
8362
5117
7212
418
6154
9308
2112
8336
8260
4642
7012
285
1348
9362
5541
2248
9699
9220
8975
2077
5435
7848
3402
7231
1093
7964
6701
992
4308
9756
8871
593
320
1378
6064
5700
156
361
1827
6061
3576
1752
5108
6341
8473
8547
8449
8296
8130
4900
5696
8623
2516
6786
8336
1967
7942
3491
5624
7209
9190
9142
114
3986
8017
9209
8254
7325
3383
82
3234
2353
1769
5861
213
892
4016
8095
3892
2869
3220
7262
679
4955
4504
80
2502
8567
9210
8859
3685
1530
1722
4460
6553
4606
4497
6368
8005
8190
8357
5451
4623
4096
9712
2705
9676
6719
7867
4824
1462
8520
5481
719
8029
6126
500
9329
5954
207
364
3225
1721
5682
6921
9300
3959
6856
9819
4723
2860
6371
1109
8331
5914
9995
335
8679
1966
199
6949
6839
3091
5879
571
2161
6554
9949
1032
7449
2618
854
492
3613
2313
976
6094
5274
1536
6758
3377
3728
6605
9085
5565
8221
1087
2043
4754
2123
9647
3084
796
5001
426
2275
465
4905
1050
6746
5652
9504
5729
3625
2381
3414
1917
6199
4207
2663
4006
2658
3207
9381
2486
5368
3798
7134
5729
6509
3620
7323
3679
3300
4720
9643
99
5027
6979
8106
1017
8179
8717
8506
3594
4873
5629
1350
8665
3822
8577
2986
8679
7252
1044
9767
942
9700
6362
4676
3674
7850
5374
9316
1124
3902
5680
2948
1104
5880
2494
9605
6692
3050
6318
1072
9943
7283
7421
5292
3226
252
4482
7864
7391
1998
4287
4869
6294
2509
2482
4516
871
5466
4231
2551
8795
5266
3946
3416
5405
5915
3937
3877
949
8666
5590
8171
8328
4604
2232
9254
6202
7401
5499
6667
8786
9486
4749
4062
2490
9536
4457
4957
2139
5411
1543
172
7671
3420
887
8955
7245
2203
4604
2488
8438
2343
8330
9872
4771
7183
6159
9882
9397
3403
709
2332
8527
2102
8475
3272
2582
5047
3149
4481
2369
1391
3397
2350
9582
2651
5867
3476
8252
2999
6550
4881
5264
3104
8543
4425
4502
8315
5727
6860
2851
822
9300
4534
8165
3021
7684
7412
6342
5192
952
4352
5966
2416
3423
7654
3120
702
3709
6966
4103
5972
1956
3164
2423
3349
6477
7024
431
3651
4290
625
8890
6772
621
1511
1614
4653
4653
5207
3461
7282
7433
2926
7057
2823
1775
8245
7287
1812
7559
7136
1449
4884
1716
9521
1301
4508
1316
8981
7389
8373
8072
6431
2486
450
2242
1538
4425
4704
6773
6085
8891
6680
86
1676
3100
5195
8290
2269
1522
2755
9134
262
754
374
7944
1838
8217
427
5469
264
5093
1820
9047
7028
6402
4026
2102
8307
488
9759
435
8688
1843
5347
5120
8967
6514
2052
2987
9948
7320
1543
4681
2515
2247
6750
5082
778
2805
6805
8447
8359
7569
1812
4224
552
1261
1325
4309
585
9205
3258
8828
303
5934
8573
4135
7369
9120
3879
8698
8754
6825
2118
1796
3578
1605
3793
9468
4426
9081
1279
9556
4976
7586
9666
2653
6794
2008
1648
4566
5022
883
6984
4026
3246
8536
5284
3313
7425
9748
1686
5427
5984
1851
6098
6530
4109
9929
5212
8551
4191
1560
328
1560
762
6786
778
2123
4710
1099
4271
5583
281
2708
4563
6349
4511
2065
520
8529
5986
1437
7452
4214
2413
5366
6111
4173
4771
7128
4277
1871
8190
3117
7371
7826
3923
2134
9578
7983
6815
6981
4889
6118
5405
9289
5531
9305
4697
8868
7464
1219
5231
9965
1853
1234
4180
1319
9157
3490
3598
1115
8653
969
3291
3824
7186
6326
8419
8917
785
6397
3474
2446
5418
8770
6413
1247
3200
6588
6869
9023
2552
3721
1666
94
2743
7681
7327
8230
4663
9793
4273
7165
4919
7825
6703
988
6182
1564
1303
889
146
1598
9606
8339
882
2461
5371
784
730
2612
3140
2215
5125
684
2572
8718
2038
7825
1702
2906
9464
8479
6349
2596
7097
6962
4842
4527
892
5255
4608
2568
4376
6991
506
3808
8172
8031
7491
8226
5782
6357
3621
4374
2757
7264
7581
5275
387
7005
3008
2358
9615
9118
7296
302
7467
3325
9688
5395
3491
8326
4820
4459
9674
6381
9776
4447
6772
1429
8669
1083
6186
3959
4437
1099
8918
9963
4917
8335
1171
8672
9332
5749
7613
1260
802
1683
2568
1623
4814
6086
6215
4761
6438
6922
7606
585
9954
4441
2299
4839
8452
7723
9700
4244
7092
4533
676
5933
7237
9809
2769
7271
8830
4341
9692
2699
9091
8392
1343
3374
1232
7426
5797
4097
5896
7156
373
921
7601
8216
4895
4628
4357
7062
9545
7091
9300
8358
7637
8844
5224
6710
8803
2526
1197
4552
3374
2197
89
5726
4590
4373
3473
9791
1333
3710
2267
4551
3553
9456
8152
1793
5856
6001
1280
4321
1658
869
3712
9615
2131
1392
3325
6483
486
3393
1704
7379
4729
4699
2157
9037
7651
9304
4701
1659
1737
2939
3431
4079
1872
5960
1977
5771
367
7931
5023
6885
2970
8113
2942
8111
198
4117
6335
3333
337
1081
717
6720
8105
2756
8244
6190
5869
8901
7461
8631
7722
6433
7206
6329
8745
5849
6385
3768
9993
9279
7443
7094
9073
7768
2037
2395
9490
2166
710
9242
8807
5236
5386
3394
4270
856
838
6365
4929
4731
8208
3342
9058
5916
6441
8050
15
7021
8761
1740
4701
3808
320
9085
994
130
7069
1654
4096
8995
9588
3148
4303
6906
7711
3357
1104
5895
2016
325
1986
8967
7979
9001
4486
3391
4849
9118
9338
6050
1986
5601
7167
6939
7723
2936
9321
6155
4767
8947
6680
9713
48
7416
1538
4164
6656
3226
8940
9518
5513
1254
7215
5081
1945
9465
4993
166
6955
4412
6295
4689
6618
8247
4422
5494
8537
1611
1141
7069
1471
8573
9748
1651
3990
8974
8771
5381
2751
6946
9295
6056
8247
758
6356
3464
2105
6328
6574
5078
8787
4389
569
6966
4737
5799
5558
9997
1644
632
4968
4638
5761
7205
7182
687
9235
2570
2175
5797
7588
5557
3892
2219
3674
723
57
6806
6861
3289
9886
550
1467
5810
4469
6999
3751
5314
2839
2510
5531
2100
8586
4061
9924
4217
228
9962
367
49
3894
2078
3336
6465
1546
4845
5213
6366
6319
9136
3229
1626
2634
3438
2155
9890
892
9949
5024
6295
9518
4223
4003
3300
4392
3115
6180
3702
9258
8380
2334
7357
2416
3805
2775
9738
8995
3823
4862
8454
8663
831
7944
6964
6233
5652
6773
8974
9868
626
4721
1792
5274
5253
4251
2009
5643
4733
6710
5545
8285
1469
411
8535
2034
5748
7066
9284
8448
4681
2861
3648
7757
1788
1078
8878
881
3022
4881
7483
5166
3819
5573
7954
9949
4521
667
8738
7724
7500
3733
4768
2041
916
9724
8713
2436
7112
2466
9960
7063
6202
8076
2958
932
7859
7343
2846
399
6154
7279
1134
3354
5816
4648
2576
6400
2719
3739
4438
4996
922
8320
5721
1176
6002
3348
6094
8853
8389
2058
2636
4795
3379
5291
2313
2771
2821
9798
4472
5359
1173
1554
2671
3111
5573
3119
6640
905
4433
6026
5977
3671
931
3772
2125
1001
2573
448
3733
6915
8961
410
2451
7937
5122
207
4181
4121
2507
8515
3823
4373
333
5229
9361
3715
5001
7825
2785
7847
8838
4272
2239
8856
6646
7360
6023
3415
3526
8773
2865
6167
5139
9084
2050
6318
9049
6892
4280
4930
5544
3795
3643
167
296
6888
357
3591
9873
1100
2631
1571
9898
1857
7330
2618
5673
5172
2904
4957
3255
5077
2787
6894
9894
1985
9200
483
3701
530
3444
5332
4358
4969
1911
797
5521
2870
71
3259
2492
735
9350
2611
9132
9160
6409
6730
8461
1181
1095
8258
2806
9605
9126
2552
3982
8599
451
1445
351
1312
3416
8414
2629
3809
7562
3650
6881
8915
6133
4508
5174
8935
8744
2402
2651
1646
8078
8999
4003
9876
6442
1346
4076
2720
5601
3491
5909
5184
1941
3801
6763
8294
4967
3643
5205
6748
7900
5521
6193
7149
8396
1110
2509
7905
6415
7366
1214
1243
2555
8500
6163
8432
1197
8291
5620
4941
9323
5189
3922
8612
1830
8927
4219
5527
2004
5910
1709
273
6319
2186
1454
8924
6076
3154
7729
3781
2140
6368
4928
2242
4233
1761
2446
2722
9482
5333
3536
9027
8101
5199
4595
7840
5640
6991
1747
9328
3905
8083
3245
9140
6968
1276
3943
4319
7917
7370
8762
8639
4060
2944
5218
3633
6769
7221
3120
2896
9432
9996
9312
7379
6115
1412
6474
9320
3495
9849
7808
3027
3105
2436
2244
6866
2904
8480
4942
567
4027
4663
3098
4305
6301
4696
610
4413
3610
4942
8098
7576
7449
4060
6861
1912
152
1622
4217
2776
3367
1237
5824
8114
2599
6468
6879
2865
5453
3434
9178
1486
9036
9065
1554
4062
3793
8241
6376
7353
4086
51
9671
1046
5149
7938
2218
5338
6107
852
9266
37
3538
1478
4281
1483
2224
7529
158
7911
2294
9381
4199
5841
18
1508
4467
777
958
3711
1639
4514
4199
1259
6263
8785
2389
5027
2855
3372
8113
7390
202
7759
3559
5237
2533
8090
1297
2609
6491
9255
3469
9416
9992
8013
3790
8782
4288
1656
6697
4690
9355
6432
7361
1765
7333
9823
486
5753
8759
9433
20
7399
8854
4232
7600
4909
6079
6432
5856
5881
8047
8418
5657
3301
8602
4686
8924
1047
9950
4831
1863
5707
3704
1342
7517
5890
1562
2882
5968
4178
420
8380
8224
9381
670
1489
6870
240
8124
1542
5739
9520
2647
9066
9097
7558
5031
6472
434
4573
6880
9720
895
2894
1944
2364
3832
6944
5259
7291
6021
1484
5197
3284
9787
9447
3373
231
1052
8154
3116
189
7243
9177
304
1142
9858
1327
5144
6677
5837
4640
65
202
8722
8444
9768
7213
6876
9828
9565
6802
2067
557
4609
376
9057
8074
8301
4038
3793
4237
6912
7310
1147
2614
2326
7658
3160
4486
537
3685
6322
3504
7796
5897
6893
4375
6087
664
1166
2451
6179
8559
8824
1424
9798
9726
1943
7385
4903
9552
1665
3611
6728
3772
5596
2390
6534
1041
7719
2029
1060
2978
5686
6916
6584
4249
1212
9125
7581
9289
414
638
8369
1079
1968
962
5519
2452
2040
491
164
104
9931
6520
7230
5540
1407
2512
4706
1897
4772
2588
3661
1261
400
4845
6243
173
6586
8770
9151
19
3340
1380
507
705
4691
5872
4180
4791
3611
3188
5609
5873
1755
6080
4850
3497
1955
9088
7090
6770
1791
7048
9138
2555
9913
6613
1627
3684
795
2292
206
2825
5320
7416
3532
6134
840
4584
2189
3022
1609
2757
2808
3678
2252
7823
9661
1037
1259
2296
9461
8543
3244
5749
8573
1703
4415
112
9764
4396
2352
9045
9134
8704
7489
6485
2391
6378
4539
8743
8608
3691
6347
934
8987
448
7757
9055
9954
856
3189
2497
5736
983
5822
6571
2942
5507
1345
2576
4338
6506
1299
6543
1413
9656
8534
2034
4539
9362
6094
3995
4192
2905
6222
2233
6789
7280
7004
9626
1991
2354
9078
5505
1291
6701
6700
8569
3577
8615
167
7865
966
459
7225
8659
491
6835
5281
5856
2872
7978
3543
8123
7673
2989
2037
6274
6722
5134
2221
5075
6375
8301
6137
5178
2590
1612
6345
8231
9301
6265
9158
876
1191
5219
9289
1457
6076
4142
3195
3361
2054
3796
3736
3042
3430
4407
3334
5354
3206
4411
660
7166
1913
101
1241
1216
2079
3325
1771
9547
8003
9025
7952
3686
1848
7068
2076
9294
5576
625
1517
2059
2265
706
6216
5597
1229
9217
5719
7881
3442
1991
1754
7776
4371
4484
2141
719
434
4151
2712
9449
6887
7655
5089
6275
2537
2495
4287
4315
8967
4764
70
5559
7299
315
4554
1801
6628
9482
9795
7132
3687
6902
284
7211
9527
1182
6235
6895
1800
7719
2803
1775
9496
5289
2634
5408
7479
1273
3758
6037
2763
3192
9586
1270
3803
8856
1790
176
9941
5818
4029
1135
8805
4591
4011
7903
7499
5057
5535
1119
2099
9606
7740
3080
8226
3992
44
9763
3722
5955
9785
1578
1710
7869
1502
85
5450
4547
1558
1451
182
3141
5283
2326
8016
9949
5622
2601
2077
5140
2759
8272
6688
8595
9865
6010
3650
9386
2715
3329
5702
7799
3735
6019
8014
8865
852
2584
8405
6361
6648
2
6030
5508
8754
7667
823
8518
7789
681
1419
7318
82
4839
2065
9835
6088
1577
2704